Disorder	1000	5000	10000
14.0	3.5148345550523973e-06	2.0087274547702233e-05	2.1113588021437612e-0
14.1	8.320165948094937e-07	1.226520363767529e-05	1.827060173502571e-0
14.2	7.232718579539088e-06	1.301164908780539e-05	9.504794771308743e-0
14.299999999999999	4.553257122869987e-08	3.299546213472581e-06	4.3333699556393916e-0
14.399999999999999	1.363360681239934e-08	1.0740948717795993e-06	6.500935109214901e-0
14.499999999999998	1.0471192435332923e-06	4.6059193908679806e-06	3.964036650942126e-0
14.599999999999998	1.2716205776438643e-06	6.987435245382162e-07	5.252066491283245e-0
14.699999999999998	2.0561934036000888e-07	3.7767918469983726e-06	2.822618103154268e-0
14.799999999999997	8.08818205189089e-17	1.4346263172037149e-06	1.66031893606938e-0
14.899999999999997	9.002477444646475e-22	1.9929882030543947e-06	8.201209719908121e-0
14.999999999999996	1.0653086036536702e-10	4.2295780923210933e-07	3.8809176656987263e-0
15.099999999999996	1.3614026336771302e-60	1.458069339776557e-07	4.6182943350400817e-0
15.199999999999996	1.394281756827433e-80	2.008564648500046e-07	6.641519466545853e-0
15.299999999999995	1.677272982124104e-94	7.588205807203887e-08	1.5954727442566522e-0
15.399999999999995	1.7454454639458325e-155	3.125609204898985e-08	4.089250746511942e-0
15.499999999999995	5.191288446775721e-93	3.568742774276725e-08	2.069838566979624e-0
15.599999999999994	7.196298725432423e-151	1.191551109357084e-08	1.304942357868683e-0
15.699999999999994	3.4325960092054727e-187	5.392551042774766e-08	1.1871224130470147e-0
15.799999999999994	5.870293515493768e-225	3.6522361944512e-09	1.0811758962082743e-0
15.899999999999993	4.286399880008227e-258	2.105444589278122e-12	5.034742515336163e-0
15.999999999999993	1.2016888606336451e-251	2.334596387477145e-11	1.191909042216184e-1
16.099999999999994	5.188958824790684e-264	4.804835247180703e-50	1.3221309568236348e-1
16.199999999999992	7.038394990030338e-290	1.681265159015896e-90	1.316583031427721e-1
16.29999999999999	5.5427567129766836e-301	2.8996985651125273e-103	1.006878524958293e-3
16.39999999999999	4.755863531883446e-301	9.506048400398414e-146	1.0753332105633733e-8
16.499999999999993	1.0912984528083039e-296	1.967991960191348e-146	2.920995737841234e-9
16.59999999999999	4.95316224626181e-301	8.363005025818906e-144	5.957514567087187e-9
16.69999999999999	9.085857999874246e-301	3.296972535115635e-165	1.0628603610285371e-10
16.79999999999999	5.822718035084984e-301	5.398693727075314e-206	8.550236033538195e-14
16.89999999999999	3.175627450709705e-301	2.0610262517561238e-228	1.8451888755509463e-16
16.99999999999999	6.519419272840075e-301	4.444765523515499e-230	2.082198647493236e-15
17.099999999999987	4.016997782246342e-301	4.162898358893736e-245	2.39654073453668e-19
17.19999999999999	4.886850904904534e-301	3.618358451153108e-274	1.419934555759392e-23
17.29999999999999	5.923235325309476e-301	5.04966898591825e-301	4.41531798697062e-27
17.399999999999988	3.731456303392933e-301	3.738629962751436e-301	1.8919687735569616e-24
17.499999999999986	3.484608754576203e-301	4.941490515305277e-301	1.39565442758782e-26
17.599999999999987	3.1647941610292006e-301	4.17809936753676e-301	4.698238309719571e-30
17.69999999999999	3.4158968986662122e-301	2.976335325536799e-301	4.072761915932359e-30
17.799999999999986	7.517055175869351e-301	4.510040502839569e-301	5.044356284642569e-30
17.899999999999984	4.54336397001907e-301	3.193061070431715e-301	3.377691139185116e-30
17.999999999999986	2.5165229809673583e-301	2.9686225925085874e-301	3.966003950696641e-30
18.099999999999987	9.958616574399966e-301	4.407478762795665e-301	3.737701378214092e-30
18.199999999999985	2.986792953917106e-301	2.916175008761025e-301	3.390046523590712e-30
18.299999999999983	2.7534210949573846e-301	3.8530629996460175e-301	3.350015339609162e-30
18.399999999999984	2.865525103386435e-301	2.8711164075051266e-301	3.9832912420750396e-30
18.499999999999986	2.800356309720204e-301	3.3516006634833848e-301	3.248216963212269e-30
18.599999999999984	2.3922493717576006e-301	2.659966538148299e-301	2.9686330980011965e-30
18.69999999999998	2.4705091849083157e-301	2.7544197657839674e-301	2.749513360297127e-30
18.799999999999983	1.9500511357341085e-301	2.4518362719838263e-301	2.5068571519595744e-30
18.899999999999984	2.1308660104422217e-301	2.665099605080976e-301	2.713389578894834e-30
18.999999999999982	2.131475366880543e-301	2.584472761178118e-301	2.7220598739187307e-30
19.09999999999998	2.8059537196788124e-301	2.5904754132124327e-301	3.2397388099995207e-30
19.19999999999998	4.3759816386215376e-301	2.5809726362864373e-301	2.44721230043805e-30
19.299999999999983	3.072275823661815e-301	2.7504615555877366e-301	2.5960357873987645e-30
19.39999999999998	3.0878874310385134e-301	2.43601175315839e-301	2.4638574468878694e-30
